#core
9
11
13
19
27
42
56
57
58
60
61
64
67
69
70
88
98
99
100
109
111
112
113
116
121
122
146
149

#Interface
5
7
16
22
28
29
31
32
33
34
46
102
107
126
129
130
135
137
142
147

#surface
4
6
8
10
12
14
15
17
18
20
21
23
24
25
26
30
35
36
37
38
39
40
41
43
44
45
47
48
49
50
51
52
53
54
55
59
62
63
65
66
68
71
72
73
74
75
76
77
78
79
80
81
82
83
84
85
86
87
89
90
91
92
93
94
95
96
97
101
103
104
105
106
108
110
114
115
117
118
119
120
123
124
125
127
128
131
132
133
134
136
138
139
140
141
143
144
145
148
150
151
152
153
154